4294967294,0
4294967279,307
4294967294,1416
4294967294,202
4294967279,306
4294967279,134
4294967279,271
4294967279,284
4294967279,305
4294967279,536
4294967279,267
4294967279,258
4294967294,7
4294967294,5
4294967278,346
4294967278,404
4294967278,130
4294967278,129
4294967278,403
4294967278,128
4294967278,127
4294967278,126
4294967278,125
4294967278,124
4294967278,123
4294967278,122
4294967278,407
4294967278,121
4294967278,120
4294967278,295
4294967278,119
4294967278,118
4294967278,117
4294967278,116
4294967278,115
4294967278,114
4294967278,113
4294967278,362
4294967278,112
4294967278,111
4294967278,0
4294967278,174
4294967278,231
4294967278,110
4294967278,322
4294967278,109
4294967278,313
4294967278,108
4294967278,410
4294967278,107
4294967278,312
4294967278,106
4294967278,105
4294967278,386
4294967278,104
4294967278,103
4294967278,102
4294967278,101
4294967278,387
4294967278,100
4294967278,99
4294967278,98
4294967278,97
4294967278,271
4294967278,96
4294967278,300
4294967278,95
4294967278,94
4294967278,311
4294967278,93
4294967278,292
4294967278,92
4294967278,91
4294967278,90
4294967278,89
4294967278,87
4294967278,86
4294967278,297
4294967278,85
4294967278,396
4294967278,84
4294967278,83
4294967278,82
4294967278,81
4294967278,80
4294967278,79
4294967278,78
4294967278,77
4294967278,76
4294967278,299
4294967278,75
4294967278,321
4294967278,74
4294967278,73
4294967278,433
4294967278,72
4294967278,71
4294967278,70
4294967278,69
4294967278,68
4294967278,67
4294967278,66
4294967278,65
4294967278,64
4294967278,63
4294967278,62
4294967278,61
4294967278,60
4294967279,322
4294967279,82
4294967279,81
4294967279,78
4294967279,343
4294967279,75
4294967279,214
4294967279,73
4294967279,70
4294967279,68
4294967279,575
4294967279,67
4294967279,350
4294967279,61
4294967279,56
4294967279,53
4294967279,50
4294967279,47
4294967279,44
4294967279,42
4294967279,39
4294967279,36
4294967279,33
4294967279,32
4294967279,31
4294967279,30
4294967279,348
4294967279,27
4294967279,534
4294967279,25
4294967279,24
4294967279,364
4294967279,19
4294967279,347
4294967279,15
4294967279,527
4294967279,11
4294967279,10
4294967279,9
4294967279,8
4294967279,7
4294967279,6
4294967279,0
4294967279,260
4294967279,256
4294967279,255
4294967279,5
4294967279,370
4294967279,4
4294967279,291
4294967278,415
4294967278,351
4294967278,260
4294967278,132
4294967278,131
4294967278,419
31,2
0,5
4294967294,6
4294967294,22
4294967294,17
4294967294,67
4294967294,99
4294967294,43
4294967294,51
4294967294,471
4294967294,146
4294967294,26
4294967294,1414
4294967279,228
605,7
605,6
605,5
605,4
605,3
605,2
605,1
4294967278,350
4294967279,326
4294967279,302
603,5
603,4
603,3
603,2
603,1
4294967278,349
4294967279,374
4294967278,348
602,6
602,5
602,4
602,3
602,2
602,1
4294967278,385
599,6
599,5
599,4
599,3
599,2
599,1
4294967279,301
4294967279,359
4294967278,347
596,6
596,5
596,4
596,3
596,2
596,1
4294967278,344
4294967278,341
4294967279,300
4294967294,437
4294967279,299
4294967279,298
593,6
593,5
593,4
593,3
593,2
593,1
4294967278,340
4294967278,337
4294967278,336
4294967279,297
4294967294,1418
4294967278,335
590,5
590,4
590,3
590,2
590,1
589,5
589,4
589,3
589,2
589,1
588,6
4294967278,333
588,5
588,4
588,3
588,2
588,1
587,5
587,4
587,3
587,2
587,1
4294967278,330
585,5
585,4
585,3
585,2
585,1
4294967279,296
4294967279,295
4294967278,325
4294967278,324
4294967279,294
4294967279,293
4294967278,442
4294967278,429
4294967279,276
4294967279,563
4294967293,131
4294967293,130
4294967293,129
4294967293,128
4294967293,127
4294967293,126
4294967293,125
4294967293,124
4294967293,123
4294967293,122
4294967293,121
4294967293,120
4294967293,119
4294967293,118
4294967293,117
4294967293,116
4294967293,115
4294967293,114
4294967293,113
4294967293,112
4294967293,111
4294967293,110
4294967293,109
4294967293,108
4294967293,107
4294967293,106
4294967293,105
4294967293,104
4294967293,103
4294967293,102
4294967293,101
4294967293,100
4294967293,99
4294967293,98
4294967293,97
4294967293,96
4294967293,95
4294967293,94
4294967293,93
4294967293,92
4294967293,91
4294967293,90
4294967293,89
4294967293,88
4294967293,87
4294967293,86
4294967293,85
4294967293,84
4294967293,83
4294967293,82
4294967293,81
4294967293,80
4294967293,79
4294967293,78
4294967293,77
4294967293,76
4294967293,75
4294967293,74
4294967293,73
4294967293,72
4294967293,71
4294967293,70
4294967293,69
4294967293,68
4294967293,67
4294967293,66
4294967293,65
4294967293,64
4294967293,63
4294967293,62
4294967293,61
4294967293,60
4294967293,59
4294967293,58
4294967293,57
